-0.08 0.261 10.029 20
-0.188 0.008 10.149 20
-0.193 -0.129 9.942 20
-0.027 -0.23 9.35 20
0.217 0.053 9.391 21
0.369 0.119 9.951 20
0.243 -0.113 10.438 20
-0.056 -0.197 10.266 20
-0.162 -0.072 9.561 20
0.039 0.066 9.384 20
0.191 0.125 9.922 20
0.028 0.001 10.122 21
-0.027 -0.064 9.949 20
0.195 -0.375 9.56 20
0.145 -0.278 9.375 20
0.133 0.147 9.741 20
0.071 0.039 10.152 20
-0.062 -0.192 10.162 20
-0.202 -0.181 9.796 21
0.079 -0.118 9.276 20
0.336 -0.041 9.601 20
0.088 0.064 10.209 20
-0.183 -0.031 10.161 20
-0.189 -0.116 9.838 20
-0.07 -0.129 9.472 20
0.132 0.031 9.567 21
0.365 0.159 9.946 20
0.165 -0.225 10.323 20
-0.079 -0.099 10.302 20
-0.215 0.045 9.553 20
0.055 0.119 9.427 20
0.071 0.138 10.042 20
-0.152 -0.055 10.145 21
0.019 -0.196 10.018 20
0.199 -0.213 9.658 20
0.159 -0.11 9.582 20
0.137 0.123 9.936 20
-0.051 0.165 10.137 20
-0.11 0.005 10.116 20
-0.161 -0.174 9.702 21
-0.059 -0.08 9.136 20
0.207 0.007 9.434 20
0.427 -0.042 10.059 20
-0.012 -0.117 10.368 20
-0.107 -0.13 9.941 20
0.051 -0.039 9.47 20
0.13 0.11 9.626 21
0.048 0.166 9.918 20
-0.068 -0.065 10.014 20
0.055 -0.404 10.014 20
0.113 -0.275 9.593 20
0.075 -0.081 9.752 20
0.136 0.077 10.052 20
0.096 0.0 10.318 21
-0.108 -0.121 10.033 20
-0.152 -0.206 9.493 20
0.283 -0.122 9.26 20
0.422 0.03 10.006 20
0.102 0.069 10.235 20
-0.085 -0.135 10.197 20
0.006 -0.179 9.801 21
-0.018 -0.052 9.427 20
0.088 0.118 9.744 20
0.123 0.014 9.997 20
0.057 -0.232 10.123 20
0.017 -0.36 9.844 20
-0.037 -0.063 9.442 20
0.175 0.158 9.682 21
-0.014 0.081 10.005 20
-0.232 -0.159 10.002 20
0.146 -0.283 9.798 20
0.125 -0.325 9.404 20
0.18 0.069 9.593 20
0.137 0.154 10.036 20
-0.12 -0.011 10.201 21
-0.253 -0.204 9.862 20
0.035 -0.171 9.245 20
0.318 -0.069 9.203 20
0.283 0.039 10.049 20
-0.024 0.0 10.34 20
-0.187 -0.034 10.156 20
-0.102 -0.101 9.644 21
0.058 0.003 9.183 20
0.177 0.181 9.608 20
0.301 -0.088 10.097 20
-0.001 -0.264 10.331 20
-0.154 -0.115 9.892 20
0.007 0.0 9.235 20
0.058 0.018 9.511 20
-0.064 0.1 9.984 21
-0.111 -0.058 10.111 20
0.139 -0.338 10.05 20
0.126 -0.298 9.564 20
0.243 0.11 9.652 20
0.156 0.214 9.999 20
-0.162 0.016 10.277 20
-0.251 -0.202 9.968 21
-0.18 -0.209 9.311 20
0.22 -0.231 9.358 20
0.398 -0.001 10.164 20
-0.031 -0.011 10.425 20
-0.151 -0.206 10.047 20
0.052 -0.107 9.638 20
-0.046 0.084 9.235 21
0.079 0.17 9.61 20
0.117 -0.13 10.085 20
0.094 -0.318 10.099 20
-0.074 -0.229 9.855 20
0.11 -0.082 9.444 20
0.298 0.129 9.795 20
0.098 0.114 10.156 21
-0.234 -0.027 10.042 20
-0.128 -0.218 9.599 20
0.122 -0.279 9.248 20
0.117 0.024 9.72 20
0.072 0.027 10.201 20
-0.033 0.019 10.325 20
-0.091 -0.207 9.994 21
-0.141 -0.126 9.343 20
0.032 0.048 9.399 20
0.275 0.007 9.942 20
0.083 -0.13 10.237 20
-0.012 -0.27 10.082 20
-0.045 -0.162 9.446 20
0.093 -0.05 9.656 21
0.027 0.05 10.022 20
-0.194 0.023 10.211 20
-0.017 -0.215 10.119 20
0.07 -0.368 9.611 20
0.051 -0.219 9.307 20
0.216 0.189 9.917 20
0.122 0.134 10.325 21
-0.107 -0.13 10.299 20
-0.191 -0.154 9.683 20
0.066 -0.226 9.233 20
0.229 -0.016 9.586 20
0.126 0.049 10.367 20
-0.066 -0.12 10.397 20
-0.121 -0.188 9.883 21
-0.062 -0.075 9.168 20
0.251 -0.024 9.346 20
0.291 0.031 10.121 20
-0.141 -0.017 10.304 20
-0.134 -0.154 9.988 20
0.007 -0.156 9.549 20
0.03 0.026 9.381 21
0.295 0.131 9.87 20
0.109 -0.117 10.259 20
-0.109 -0.198 10.101 20
-0.185 -0.104 9.513 20
-0.028 0.02 9.352 20
0.131 0.205 9.889 20
0.075 0.035 10.07 21
0.063 -0.177 10.204 20
-0.01 -0.181 9.938 20
-0.032 0.078 9.496 20
0.123 0.174 9.564 20
0.018 -0.01 10.14 20
-0.139 -0.157 10.115 20
0.07 -0.209 9.775 21
0.151 -0.017 9.431 20
0.111 0.162 9.688 20
-0.128 0.181 10.028 20
-0.12 0.015 10.016 20
0.025 -0.176 9.866 20
-0.051 -0.194 9.154 20
0.323 0.042 9.524 21
0.338 0.077 10.209 20
-0.046 -0.031 10.322 20
-0.331 -0.061 9.975 20
-0.162 -0.031 9.172 20
0.075 -0.008 9.208 20
0.219 0.06 10.0 20
0.078 -0.049 10.208 21
0.134 -0.113 10.233 20
-0.013 -0.13 9.703 20
-0.1 0.048 9.392 20
0.154 0.11 9.628 20
0.018 -0.043 10.162 20
-0.144 -0.246 10.291 20
0.03 -0.332 9.687 21
0.235 -0.202 9.444 20
0.147 0.032 9.825 20
-0.093 0.068 10.185 20
-0.154 -0.101 10.07 20
-0.113 -0.24 9.787 20
-0.118 -0.167 9.194 20
0.338 0.092 9.457 21
0.246 0.037 10.147 20
-0.085 -0.099 10.43 20
-0.406 -0.034 10.016 20
-0.135 -0.141 9.346 20
0.193 -0.093 9.469 20
0.22 0.055 9.955 20
0.083 0.045 10.51 21
-0.123 -0.24 10.383 20
-0.187 -0.137 9.532 20
-0.037 -0.032 9.205 20
0.293 0.031 9.812 20
0.187 -0.052 10.247 20
-0.051 -0.264 10.28 20
0.0 -0.131 9.8 20
0.106 -0.179 9.46 21
-0.012 0.226 9.66 20
-0.128 0.188 9.847 20
-0.042 -0.098 9.878 20
-0.009 -0.262 9.775 20
0.082 -0.123 9.216 20
0.342 0.06 9.728 20
0.283 0.094 10.199 21
-0.014 -0.052 10.305 20
-0.261 -0.048 9.98 20
-0.039 -0.098 9.29 20
0.206 -0.003 9.337 20
0.139 -0.03 10.042 20
-0.016 -0.072 10.16 20
0.163 -0.234 10.269 21
-0.046 -0.1 9.535 20
-0.112 0.029 9.358 20
-0.068 0.216 9.765 20
-0.024 0.025 9.971 20
-0.079 -0.188 9.928 20
-0.137 -0.17 9.479 20
0.125 0.075 9.142 21
0.392 0.063 9.808 20
0.145 0.001 10.364 20
-0.189 -0.07 10.233 20
-0.15 -0.113 9.765 20
-0.023 -0.105 9.359 20
0.02 0.093 9.569 20
0.023 0.141 10.028 21
0.012 -0.179 10.241 20
0.099 -0.31 9.978 20
-0.047 -0.178 9.472 20
0.036 0.093 9.527 20
0.085 0.184 9.974 20
-0.066 -0.116 10.237 20
-0.183 -0.255 10.084 21
-0.016 -0.16 9.225 20
0.43 -0.062 9.316 20
0.292 0.067 10.171 20
0.05 0.045 10.395 20
-0.064 -0.126 10.054 20
-0.03 -0.206 9.67 20
-0.038 -0.079 9.202 21
0.01 0.138 9.863 20
0.254 -0.039 10.22 20
0.075 -0.267 10.257 20
0.087 -0.229 9.954 20
0.111 -0.016 9.426 20
0.274 0.075 9.779 20
0.077 0.076 10.211 21
-0.249 -0.128 10.098 20
-0.241 -0.223 9.654 20
0.173 -0.243 9.409 20
0.3 -0.133 9.581 20
0.224 -0.01 10.151 20
0.03 -0.051 10.337 20
-0.067 -0.198 10.144 21
-0.162 -0.154 9.541 20
0.017 0.069 9.282 20
0.151 0.015 9.872 20
0.037 -0.223 10.362 20
-0.061 -0.337 10.153 20
0.066 -0.139 9.718 20
0.221 -0.024 9.583 21
0.1 0.171 9.912 20
-0.228 -0.05 10.002 20
-0.071 -0.232 9.987 20
0.102 -0.28 9.627 20
0.08 -0.11 9.439 20
0.192 0.116 9.901 20
0.01 -0.013 10.274 21
-0.39 -0.188 10.192 20
-0.009 -0.201 9.711 20
0.281 -0.301 9.172 20
0.335 -0.028 9.696 20
0.137 0.116 10.335 20
-0.023 -0.013 10.239 20
-0.183 -0.161 9.885 21
-0.194 -0.125 9.255 20
0.19 0.043 9.412 20
0.321 -0.065 9.95 20
0.154 -0.164 10.309 20
0.008 -0.268 9.955 20
0.11 -0.152 9.526 20
0.185 -0.031 9.635 21
0.042 0.188 10.095 20
-0.022 0.095 10.009 20
0.028 -0.216 10.036 20
0.176 -0.326 9.511 20
0.188 -0.146 9.583 20
0.229 0.062 9.919 20
0.112 0.039 10.264 21
-0.263 -0.016 10.277 20
-0.279 -0.175 9.552 20
0.104 -0.16 9.096 20
0.257 0.005 9.571 20
0.152 -0.016 10.187 20
0.033 -0.107 10.312 20
0.059 -0.263 10.026 21
0.023 -0.175 9.533 20
-0.033 0.141 9.58 20
0.046 0.234 9.877 20
-0.03 -0.146 9.968 20
-0.01 -0.238 9.968 20
0.064 -0.216 9.432 20
0.315 0.009 9.644 21
0.233 0.108 10.189 20
-0.123 0.053 10.296 20
-0.337 -0.096 10.019 20
-0.083 -0.139 9.356 20
0.175 -0.132 9.367 20
0.241 0.042 10.013 20
0.127 0.058 10.435 21
0.06 -0.168 10.14 20
0.021 -0.257 9.804 20
-0.126 -0.038 9.369 20
0.007 0.141 9.88 20
0.041 0.083 10.106 20
-0.134 -0.192 10.175 20
-0.136 -0.248 9.783 20
0.146 -0.005 9.247 21
0.423 0.08 9.562 20
0.245 0.0 10.333 20
-0.139 -0.039 10.286 20
-0.187 -0.111 9.919 20
-0.012 -0.131 9.481 20
0.027 0.015 9.553 20
0.159 0.15 9.976 21
0.217 -0.119 10.282 20
0.161 -0.213 10.304 20
-0.168 -0.133 9.427 20
0.061 0.035 9.359 20
0.137 0.122 9.955 20
-0.135 -0.111 10.255 20
-0.184 -0.2 10.041 21
0.072 -0.248 9.492 20
0.246 -0.185 9.386 20
0.272 0.155 10.01 20
0.124 0.116 10.174 20
-0.024 0.014 10.069 20
-0.114 -0.194 9.645 20
-0.001 -0.08 9.283 21
0.329 -0.072 9.546 20
0.357 -0.081 10.186 20
-0.119 -0.201 10.456 20
-0.054 -0.196 9.977 20
0.054 -0.069 9.451 20
0.14 0.012 9.688 20
0.028 0.131 9.998 21
-0.202 -0.088 9.942 20
0.05 -0.354 9.839 20
0.196 -0.333 9.424 20
0.259 0.0 9.494 20
0.26 0.108 10.031 20
0.112 -0.08 10.374 20
-0.105 -0.172 10.087 21
-0.24 -0.075 9.611 20
-0.071 0.097 9.3 20
0.068 0.195 9.726 20
-0.002 0.025 10.197 20
-0.124 -0.278 10.202 20
-0.119 -0.243 9.793 20
0.215 -0.041 9.351 21
0.364 0.029 9.766 20
0.112 -0.082 10.303 20
-0.183 -0.113 10.214 20
-0.144 -0.008 9.918 20
-0.041 -0.033 9.405 20
0.096 0.083 9.55 20
-0.027 0.158 9.938 21
-0.084 -0.083 10.012 20
0.145 -0.378 9.853 20
0.215 -0.351 9.448 20
0.305 0.085 9.491 20
0.23 0.087 9.936 20
0.089 -0.015 10.355 20
-0.13 -0.151 10.122 21
-0.28 -0.093 9.479 20
-0.102 0.01 9.275 20
0.219 0.1 9.648 20
0.062 -0.123 10.236 20
-0.149 -0.326 10.246 20
-0.031 -0.215 9.616 20
0.189 -0.116 9.481 21
0.168 0.104 10.065 20
-0.131 0.155 10.221 20
-0.206 0.009 10.075 20
-0.06 -0.199 9.521 20
-0.047 -0.184 9.372 20
0.243 0.054 9.62 20
0.213 0.114 10.084 21
0.029 -0.142 10.303 20
-0.117 -0.237 10.068 20
-0.159 -0.079 9.406 20
0.154 0.131 9.36 20
0.102 0.132 9.896 20
-0.169 -0.195 10.169 20
-0.055 -0.162 9.919 21
0.172 -0.138 9.409 20
0.222 -0.055 9.573 20
0.059 0.163 10.065 20
-0.102 0.071 10.23 20
-0.138 -0.077 9.885 20
-0.073 -0.156 9.633 20
0.009 0.013 9.088 21
0.243 0.105 9.671 20
0.25 -0.074 10.044 20
0.103 -0.352 10.119 20
-0.088 -0.303 9.676 20
0.075 -0.116 9.551 20
0.29 0.139 9.807 20
0.101 0.06 10.311 21
-0.24 -0.16 10.202 20
-0.177 -0.229 9.613 20
0.209 -0.262 9.222 20
0.308 -0.072 9.647 20
0.265 0.038 10.223 20
-0.046 0.038 10.265 20
-0.01 -0.282 10.016 21
-0.129 -0.126 9.6 20
-0.109 0.125 9.369 20
0.037 0.116 9.661 20
0.04 -0.185 10.097 20
-0.095 -0.286 10.177 20
0.078 -0.303 9.508 20
0.238 0.002 9.298 21
0.239 0.147 10.002 20
-0.168 0.008 10.26 20
-0.322 -0.104 10.073 20
-0.084 -0.206 9.582 20
0.095 -0.126 9.439 20
0.169 0.038 9.717 20
0.22 0.058 10.266 20
0.06 -0.141 10.215 21
0.078 -0.209 9.887 20
-0.062 0.017 9.478 20
0.065 0.218 9.6 20
0.025 0.091 10.226 20
-0.162 -0.134 10.23 20
-0.087 -0.038 9.928 20
-0.076 -0.236 9.172 21
0.38 -0.063 9.423 20
0.186 0.047 10.019 20
-0.098 0.01 10.282 20
-0.167 -0.049 9.97 20
-0.154 -0.191 9.488 20
0.098 0.021 9.31 20
0.251 0.238 9.823 21
0.18 -0.058 10.137 20
0.042 -0.255 10.131 20
0.067 -0.17 9.646 20
0.189 0.033 9.365 20
0.218 0.2 9.948 20
-0.1 0.071 10.26 20
-0.244 -0.202 9.941 21
-0.062 -0.28 9.495 20
0.268 -0.233 9.376 20
0.346 -0.115 9.81 20
0.095 0.002 10.2 20
-0.022 -0.121 10.296 20
-0.078 -0.155 9.92 20
0.014 -0.182 9.246 21
0.05 0.052 9.377 20
0.135 0.034 9.88 20
0.057 -0.225 10.11 20
0.018 -0.427 10.014 20
0.071 -0.195 9.379 20
0.296 0.053 9.574 20
0.214 0.149 10.069 21
-0.189 0.081 10.169 20
-0.282 -0.159 9.946 20
0.021 -0.212 9.408 20
0.247 -0.084 9.273 20
0.285 0.08 9.839 20
0.171 -0.038 10.397 20
-0.052 -0.179 10.398 21
-0.112 -0.154 9.784 20
-0.218 0.031 9.169 20
0.13 0.119 9.604 20
0.048 0.004 10.04 20
-0.024 -0.272 10.27 20
0.065 -0.171 9.742 20
0.133 -0.122 9.377 21
0.195 0.075 9.874 20
-0.013 0.092 10.228 20
-0.133 -0.007 10.014 20
-0.12 -0.161 9.775 20
-0.033 -0.189 9.3 20
0.238 0.013 9.418 20
0.301 0.055 10.165 21
0.093 -0.046 10.196 20
-0.123 -0.185 10.06 20
-0.197 -0.088 9.405 20
0.067 -0.011 9.321 20
0.16 0.058 9.913 20
-0.06 -0.048 10.032 20
-0.032 -0.035 10.133 21
0.212 -0.272 9.667 20
0.14 -0.162 9.462 20
0.027 0.123 9.994 20
-0.079 0.101 10.194 20
-0.04 -0.053 10.043 20
-0.215 -0.089 9.75 20
-0.03 0.016 9.197 21
0.284 0.036 9.555 20
0.354 0.056 10.278 20
-0.011 -0.099 10.212 20
-0.131 -0.151 9.962 20
-0.004 -0.064 9.393 20
0.075 0.043 9.629 20
0.027 0.139 9.813 21
-0.178 -0.127 10.025 20
0.15 -0.349 9.806 20
0.15 -0.288 9.668 20
0.151 -0.058 9.581 20
0.151 0.117 9.993 20
0.034 0.023 10.389 20
-0.171 -0.169 10.102 21
-0.247 -0.18 9.327 20
0.041 -0.068 9.089 20
0.305 -0.042 9.884 20
0.103 -0.045 10.304 20
-0.119 -0.174 10.251 20
-0.035 -0.144 9.865 20
-0.064 -0.087 9.507 21
0.119 0.201 9.528 20
0.254 0.009 10.029 20
0.078 -0.193 10.209 20
-0.004 -0.206 9.979 20
0.056 -0.141 9.344 20
0.122 0.066 9.569 20
0.02 0.126 10.111 21
-0.09 -0.125 10.115 20
0.249 -0.28 10.117 20
0.05 -0.26 9.45 20
0.135 0.101 9.59 20
0.098 0.169 10.031 20
-0.12 -0.024 10.329 20
-0.21 -0.113 10.171 21
-0.073 -0.133 9.276 20
0.404 -0.122 9.171 20
0.421 0.023 10.145 20
0.11 0.011 10.275 20
-0.143 -0.176 10.143 20
-0.126 -0.235 9.662 20
0.019 -0.025 9.379 20
0.135 0.151 9.699 21
0.184 0.069 10.189 20
0.037 -0.297 10.306 20
-0.011 -0.192 9.904 20
0.091 -0.013 9.462 20
0.208 0.081 9.747 20
0.02 0.078 10.117 20
-0.165 -0.02 10.219 21
0.027 -0.3 9.804 20
0.23 -0.269 9.436 20
0.239 -0.029 9.565 20
0.187 0.168 10.071 20
0.016 -0.035 10.323 20
-0.184 -0.21 10.134 20
-0.221 -0.15 9.414 21
0.185 -0.016 9.303 20
0.392 -0.057 9.89 20
0.068 -0.205 10.376 20
-0.128 -0.312 10.251 20
0.058 -0.202 9.709 20
0.109 -0.09 9.568 20
0.006 0.11 10.007 21
-0.182 0.081 10.095 20
-0.154 -0.109 9.86 20
0.134 -0.346 9.756 20
0.09 -0.215 9.373 20
0.202 0.059 9.653 20
0.243 0.12 10.283 20
-0.024 -0.115 10.554 21
-0.281 -0.126 9.811 20
-0.211 -0.026 9.027 20
0.216 0.075 9.46 20
0.131 0.066 10.12 20
-0.049 -0.109 10.225 20
0.026 -0.181 9.959 20
0.181 -0.098 9.387 21
0.171 0.103 9.496 20
-0.047 0.173 9.918 20
-0.019 0.023 10.054 20
-0.039 -0.209 9.929 20
-0.097 -0.207 9.572 20
0.05 -0.047 9.473 20
0.302 -0.002 9.997 21
0.158 -0.024 10.317 20
0.001 -0.08 10.407 20
-0.23 -0.135 9.662 20
-0.008 -0.062 9.106 20
0.087 0.044 9.731 20
-0.043 0.057 10.114 20
-0.007 -0.149 10.013 21
0.187 -0.333 9.843 20
0.142 -0.259 9.314 20
0.091 0.21 9.653 20
0.159 0.139 10.122 20
-0.196 -0.193 10.201 20
-0.234 -0.234 9.734 20
-0.029 -0.16 9.188 21
0.307 -0.061 9.531 20
0.343 -0.08 10.153 20
0.043 -0.029 10.431 20
-0.056 -0.203 10.079 20
-0.063 -0.181 9.566 20
-0.041 0.103 9.4 20
-0.007 0.165 9.771 21
-0.177 0.067 9.943 20
-0.101 -0.212 10.034 20
0.09 -0.398 9.649 20
0.147 -0.169 9.379 20
0.225 0.033 9.612 20
0.215 0.054 10.221 20
0.056 -0.126 10.298 21
-0.102 -0.173 9.875 20
-0.099 -0.101 9.362 20
0.065 0.157 9.68 20
0.071 0.055 10.039 20
-0.149 -0.197 10.285 20
-0.068 -0.209 9.844 20
0.029 -0.067 9.272 21
0.369 0.005 9.467 20
0.415 -0.015 10.084 20
-0.014 -0.13 10.494 20
0.045 -0.216 10.136 20
0.059 -0.076 9.499 20
0.085 -0.059 9.584 20
0.048 0.087 10.091 21
-0.149 -0.037 10.271 20
-0.055 -0.279 10.008 20
0.074 -0.316 9.497 20
0.213 -0.108 9.429 20
0.363 0.084 9.917 20
0.153 0.122 10.254 20
-0.087 -0.151 10.169 21
-0.172 -0.136 9.731 20
-0.215 0.034 9.266 20
0.099 0.141 9.416 20
0.086 -0.015 10.089 20
-0.125 -0.255 10.328 20
-0.015 -0.291 9.838 20
0.198 -0.088 9.376 21
0.21 0.049 9.569 20
0.008 0.155 10.022 20
-0.165 0.047 9.98 20
-0.087 -0.157 9.798 20
-0.055 -0.166 9.287 20
0.078 0.017 9.399 20
0.31 0.126 9.993 21
0.188 -0.027 10.317 20
-0.094 -0.177 10.095 20
-0.062 -0.129 9.369 20
0.137 -0.034 9.311 20
0.2 0.176 9.98 20
-0.096 -0.006 10.239 20
-0.012 -0.142 10.057 21
0.151 -0.22 9.748 20
0.129 -0.019 9.445 20
0.132 0.168 9.68 20
0.035 0.142 9.913 20
-0.213 -0.091 10.056 20
-0.093 -0.142 9.754 20
0.125 -0.067 9.204 20
0.365 0.048 9.544 21
0.209 -0.004 10.199 20
-0.185 -0.055 10.314 20
-0.185 -0.126 9.948 20
0.06 -0.185 9.268 20
0.005 -0.023 9.367 20
0.042 0.145 9.975 20
0.168 -0.133 10.096 21
0.153 -0.26 10.048 20
0.05 -0.134 9.592 20
0.09 0.086 9.407 20
0.198 0.268 10.062 20
-0.06 0.061 10.353 20
-0.203 -0.144 9.996 20
-0.14 -0.21 9.5 21
0.201 -0.103 9.217 20
0.356 -0.065 9.792 20
0.002 -0.151 10.343 20
-0.104 -0.179 10.131 20
0.083 -0.278 9.732 20
-0.039 -0.101 9.445 20
-0.086 0.149 9.896 21
-0.185 0.152 10.198 20
0.0 -0.116 10.136 20
0.07 -0.235 9.857 20
0.068 -0.19 9.27 20
0.362 0.138 9.594 20
0.178 0.161 10.222 20
-0.07 -0.123 10.304 21
-0.31 -0.133 10.082 20
-0.143 -0.097 9.293 20
0.118 -0.029 9.376 20
0.172 0.047 10.003 20
-0.072 0.047 10.015 20
0.023 -0.127 10.159 20
0.2 -0.15 9.754 21
0.159 -0.091 9.488 20
-0.022 0.211 9.915 20
-0.034 0.177 10.282 20
-0.057 -0.004 10.21 20
-0.167 -0.19 9.755 20
-0.068 -0.089 9.153 20
0.165 0.113 9.52 21
0.352 0.067 10.089 20
0.07 -0.174 10.335 20
-0.103 -0.266 9.899 20
-0.075 -0.057 9.379 20
0.208 0.035 9.73 20
0.041 0.12 9.96 20
-0.166 -0.078 9.988 21
-0.107 -0.258 9.739 20
0.158 -0.234 9.279 20
0.238 -0.148 9.352 20
0.242 0.07 10.07 20
0.095 -0.034 10.271 20
-0.01 -0.169 10.187 20
-0.2 -0.209 9.597 21
-0.114 0.058 9.36 20
0.193 0.124 9.785 20
0.121 -0.043 10.182 20
0.011 -0.309 10.174 20
0.022 -0.207 9.724 20
0.308 -0.028 9.468 20
0.152 0.128 9.896 21
-0.102 0.141 10.238 20
-0.321 -0.008 10.021 20
-0.087 -0.154 9.614 20
0.013 -0.167 9.345 20
0.081 -0.013 9.528 20
0.178 0.107 9.986 20
0.166 -0.091 10.536 21
0.067 -0.232 10.144 20
-0.14 -0.066 9.447 20
0.043 0.092 9.325 20
0.081 0.073 9.847 20
-0.161 -0.107 10.168 20
0.019 -0.239 9.976 20
0.123 -0.185 9.556 21
0.089 0.05 9.684 20
0.045 0.242 9.904 20
-0.087 0.151 10.064 20
-0.123 -0.152 10.004 20
-0.082 -0.267 9.634 20
0.08 0.019 9.181 20
0.415 0.134 9.865 21
0.085 0.082 10.249 20
-0.291 -0.11 10.108 20
-0.116 -0.213 9.747 20
-0.009 -0.119 9.296 20
0.125 0.145 9.532 20
0.196 0.09 10.127 20
0.081 -0.173 10.355 21
-0.052 -0.252 10.061 20
-0.118 -0.006 9.293 20
-0.017 0.081 9.298 20
0.05 0.096 9.964 20
-0.12 -0.134 10.157 20
-0.087 -0.18 9.912 20
0.113 -0.216 9.392 20
0.366 -0.168 9.478 21
0.205 0.172 10.036 20
-0.097 0.159 10.237 20
-0.12 -0.045 10.02 20
-0.056 -0.143 9.531 20
-0.06 -0.012 9.293 20
0.085 0.069 9.755 20
0.27 -0.095 9.983 21
0.011 -0.418 10.282 20
-0.073 -0.234 9.734 20
0.019 -0.061 9.404 20
0.147 0.128 9.66 20
0.017 0.08 10.076 20
-0.196 -0.09 9.993 20
0.211 -0.336 9.83 21
0.16 -0.244 9.601 20
0.189 0.18 9.643 20
0.124 0.183 10.119 20
-0.05 0.0 10.189 20
-0.152 -0.134 9.776 20
0.018 -0.2 9.269 20
0.461 -0.033 9.304 21
0.314 0.045 10.172 20
-0.09 0.016 10.323 20
-0.188 -0.157 10.095 20
0.048 -0.123 9.504 20
0.091 -0.004 9.406 20
0.093 0.109 9.761 20
0.015 -0.104 10.058 21
0.139 -0.257 10.049 20
0.135 -0.277 9.783 20
0.107 -0.018 9.461 20
0.324 0.083 9.822 20
0.132 -0.007 10.279 20
-0.232 -0.085 10.268 20
-0.232 -0.116 9.637 21
0.072 -0.122 8.97 20
0.202 -0.019 9.528 20
0.153 -0.024 9.982 20
0.145 -0.063 10.2 20
0.098 -0.141 9.905 20
-0.049 -0.11 9.601 20
-0.015 0.141 9.599 21
-0.054 0.162 9.967 20
0.104 -0.09 9.995 20
0.038 -0.228 10.125 20
0.034 -0.234 9.575 20
0.275 -0.009 9.556 20
0.326 0.112 10.063 20
-0.13 0.009 10.235 21
-0.292 -0.135 10.007 20
-0.004 -0.214 9.394 20
0.151 -0.185 9.169 20
0.136 0.067 9.731 20
0.217 0.092 10.243 20
0.135 -0.094 10.288 20
-0.008 -0.208 9.799 21
-0.136 -0.028 9.134 20
0.128 0.154 9.519 20
0.043 0.071 10.164 20
-0.111 -0.12 10.227 20
-0.026 -0.234 9.878 20
0.205 -0.155 9.45 20
0.261 0.086 9.809 21
0.058 0.253 10.242 20
-0.112 0.039 10.094 20
-0.168 -0.14 9.875 20
-0.118 -0.158 9.457 20
0.117 0.029 9.269 20
0.3 0.101 9.834 20
0.084 -0.084 10.317 21
-0.249 -0.161 10.207 20
-0.133 -0.155 9.303 20
0.071 0.002 9.215 20
0.182 0.125 9.792 20
0.038 0.13 10.135 20
0.026 -0.115 10.131 20
0.191 -0.281 9.762 21
0.098 -0.111 9.552 20
0.087 0.159 9.793 20
0.102 0.186 10.219 20
-0.051 -0.134 10.146 20
-0.151 -0.2 9.794 20
0.025 -0.062 9.355 20
0.348 0.037 9.414 21
0.286 -0.055 10.053 20
-0.031 -0.119 10.388 20
0.01 -0.305 9.979 20
-0.124 -0.154 9.379 20
0.076 -0.121 9.565 20
0.013 0.113 9.936 20
-0.049 -0.115 10.106 21
0.068 -0.347 9.978 20
0.09 -0.359 9.514 20
0.109 -0.088 9.308 20
0.18 0.208 9.921 20
0.116 -0.02 10.389 20
-0.208 -0.192 10.164 20
-0.26 -0.2 9.673 21
0.068 -0.05 9.164 20
0.414 0.008 9.751 20
0.186 0.034 10.396 20
-0.057 -0.232 10.11 20
0.152 -0.216 9.969 20
0.006 -0.075 9.467 20
-0.05 0.175 9.606 21
0.042 0.152 9.932 20
0.059 -0.143 10.105 20
-0.027 -0.256 9.981 20
0.033 -0.316 9.479 20
0.324 0.044 9.543 20
0.292 0.01 10.086 20
-0.172 0.019 10.129 20
-0.318 -0.055 9.936 21
-0.078 -0.173 9.155 20
0.172 -0.113 9.405 20
0.134 0.074 10.032 20
0.156 0.038 10.202 20
0.102 -0.189 10.15 20
0.045 -0.239 9.724 20
-0.036 0.028 9.36 21
0.033 0.31 9.726 20
0.02 0.052 10.106 20
-0.329 -0.219 10.182 20
-0.184 -0.326 9.827 20
-0.03 -0.155 9.135 20
0.422 -0.019 9.62 20
0.234 -0.072 10.278 21
-0.082 -0.057 10.272 20
-0.091 -0.111 10.029 20
0.055 -0.122 9.445 20
0.08 0.123 9.578 20
0.03 0.135 10.041 20
-0.078 0.013 10.07 20
0.101 -0.278 9.926 21
0.141 -0.297 9.598 20
0.114 0.01 9.52 20
0.242 0.145 9.992 20
-0.016 -0.022 10.427 20
-0.115 -0.205 10.233 20
-0.27 -0.113 9.476 20
0.038 0.023 9.102 21
0.313 -0.05 9.62 20
0.123 -0.107 10.12 20
-0.058 -0.227 10.192 20
0.037 -0.192 9.869 20
0.212 -0.081 9.355 20
0.138 0.103 9.927 20
-0.097 0.113 10.282 21
-0.271 -0.031 10.009 20
-0.082 -0.089 9.691 20
-0.01 -0.104 9.26 20
-0.061 0.033 9.507 20
0.072 0.228 9.99 20
0.154 -0.199 10.251 20
0.099 -0.316 10.139 21
0.0 -0.115 9.63 20
0.046 0.115 9.48 20
0.151 0.221 10.031 20
-0.146 -0.008 10.153 20
-0.191 -0.267 9.967 20
0.03 -0.204 9.411 20
0.298 -0.228 9.369 21
0.291 -0.085 9.936 20
0.071 -0.017 10.267 20
-0.059 -0.09 10.094 20
-0.084 -0.156 9.814 20
-0.061 -0.059 9.303 20
0.123 0.125 9.674 20
0.159 0.076 10.016 21
0.115 -0.236 10.163 20
-0.091 -0.286 9.843 20
0.071 -0.191 9.363 20
0.339 0.102 9.932 20
0.095 0.099 10.298 20
-0.121 -0.117 10.065 20
0.037 -0.324 9.805 21
0.113 -0.299 9.436 20
0.155 -0.011 9.677 20
0.21 0.186 10.16 20
-0.166 -0.107 10.294 20
-0.262 -0.179 9.986 20
-0.035 -0.109 9.472 20
0.298 -0.176 9.369 21
0.279 0.022 10.009 20
-0.032 0.031 10.254 20
-0.093 -0.021 10.192 20
-0.125 -0.176 9.646 20
-0.002 -0.135 9.071 20
0.289 0.184 9.565 20
0.299 -0.139 10.24 21
0.022 -0.374 10.343 20
-0.026 -0.246 9.769 20
0.095 -0.033 9.276 20
0.086 0.102 9.531 20
-0.042 0.082 9.978 20
-0.166 -0.184 10.109 20
0.134 -0.352 9.834 21
0.19 -0.212 9.461 20
0.173 0.129 9.717 20
0.166 0.172 10.082 20
-0.109 -0.051 10.36 20
-0.16 -0.188 10.119 20
-0.095 -0.073 9.293 20
0.216 -0.011 9.275 21
0.348 -0.014 10.066 20
0.066 -0.072 10.362 20
-0.112 -0.167 10.104 20
-0.01 -0.222 9.608 20
-0.02 -0.074 9.397 20
0.041 0.161 9.901 20
0.033 -0.026 10.095 21
0.057 -0.342 10.182 20
0.076 -0.289 9.728 20
0.107 -0.022 9.499 20
0.202 0.16 9.717 20
0.046 0.074 10.131 20
-0.354 -0.172 10.315 20
-0.149 -0.183 9.95 21
0.104 -0.284 9.322 20
0.3 -0.068 9.689 20
0.232 0.071 10.211 20
-0.038 -0.046 10.22 20
-0.026 -0.268 9.945 20
-0.068 -0.147 9.535 20
-0.116 0.114 9.434 20
-0.05 0.206 9.735 21
-0.039 -0.069 10.065 20
-0.081 -0.319 9.994 20
-0.069 -0.234 9.53 20
0.197 -0.004 9.438 20
0.354 0.085 9.886 20
0.095 -0.13 10.472 20
-0.162 -0.09 10.264 21
-0.095 -0.117 9.663 20
0.075 -0.056 9.3 20
0.118 0.02 9.668 20
0.136 0.033 10.118 20
-0.019 -0.183 10.076 20
0.22 -0.378 9.991 20
0.111 -0.084 9.434 21
0.15 0.19 9.559 20
0.054 0.182 10.02 20
-0.101 -0.099 10.115 20
-0.206 -0.158 9.888 20
-0.013 -0.161 9.171 20
0.402 -0.128 9.437 20
0.405 -0.025 10.222 21
0.064 -0.042 10.231 20
-0.118 -0.142 10.011 20
-0.024 -0.126 9.393 20
-0.014 0.035 9.358 20
-0.05 0.185 9.873 20
0.033 -0.011 9.977 20
-0.022 -0.37 10.008 21
0.089 -0.264 9.627 20
0.206 -0.091 9.341 20
0.268 0.212 9.827 20
-0.002 0.074 10.269 20
-0.168 -0.124 10.199 20
-0.267 -0.215 9.583 20
0.102 -0.032 8.994 21
0.427 -0.065 9.545 20
0.143 0.022 10.128 20
-0.008 -0.076 10.292 20
-0.055 -0.253 9.968 20
-0.116 -0.196 9.544 20
-0.036 0.116 9.546 20
0.211 0.132 10.04 21
-0.008 -0.069 10.07 20
0.039 -0.28 10.027 20
0.037 -0.158 9.464 20
0.217 -0.008 9.595 20
0.124 0.108 10.078 20
-0.254 0.021 10.255 20
-0.089 -0.157 9.941 21
0.071 -0.317 9.416 20
0.139 -0.096 9.425 20
0.223 0.115 9.928 20
0.15 0.028 10.36 20
-0.077 -0.085 10.28 20
-0.315 -0.107 9.61 20
-0.083 -0.002 9.1 21
0.277 -0.136 9.622 20
0.236 -0.088 10.238 20
0.053 -0.245 10.253 20
0.041 -0.236 9.919 20
0.069 -0.114 9.544 20
-0.011 0.203 9.665 20
-0.007 0.137 10.008 21
-0.031 -0.103 9.962 20
0.07 -0.373 10.12 20
0.063 -0.255 9.607 20
0.291 0.04 9.718 20
0.233 0.168 10.31 20
-0.278 0.026 10.281 20
-0.207 -0.099 9.889 21
-0.002 -0.221 9.385 20
0.158 -0.249 9.336 20
0.185 0.008 9.924 20
0.12 -0.068 10.259 20
0.056 -0.25 10.223 20
-0.108 -0.162 9.684 20
0.004 0.007 9.245 21
0.193 0.099 9.764 20
0.136 -0.006 10.048 20
-0.038 -0.2 10.124 20
0.066 -0.19 9.782 20
0.04 -0.136 9.421 20
0.106 0.058 9.795 20
0.0 0.192 10.058 21
-0.208 -0.142 10.047 20
-0.046 -0.192 9.807 20
0.023 -0.279 9.334 20
0.226 0.055 9.423 20
0.269 0.132 9.981 20
0.119 -0.123 10.206 20
-0.049 -0.176 10.1 21
-0.157 -0.017 9.43 20
0.072 0.101 9.247 20
0.071 0.045 9.956 20
-0.063 -0.01 10.121 20
-0.022 -0.115 10.03 20
0.211 -0.23 9.634 20
0.196 0.03 9.409 21
0.029 0.293 9.861 20
-0.079 0.101 10.145 20
-0.145 -0.223 10.195 20
-0.173 -0.201 9.606 20
0.042 -0.044 9.304 20
0.388 0.04 9.669 20
0.339 -0.034 10.158 21
-0.186 -0.078 10.231 20
-0.037 -0.147 9.711 20
0.071 -0.028 9.251 20
0.061 0.074 9.582 20
-0.005 0.132 10.018 20
-0.019 -0.11 10.115 20
0.123 -0.338 9.983 21
0.129 -0.285 9.569 20
0.171 0.107 9.569 20
0.179 0.226 9.962 20
-0.001 0.087 10.192 20
-0.245 -0.097 9.974 20
-0.23 -0.175 9.43 20
0.04 0.033 9.31 20
0.32 -0.022 9.694 21
0.09 -0.18 10.193 20
-0.029 -0.359 10.081 20
0.171 -0.267 9.771 20
0.217 -0.187 9.548 20
0.156 0.049 9.929 20
-0.102 0.163 10.127 20
-0.227 0.005 9.974 21
-0.07 -0.1 9.474 20
-0.085 -0.093 9.284 20
0.094 -0.012 9.568 20
0.208 0.037 10.15 20
0.153 -0.159 10.27 20
0.064 -0.278 10.069 20
-0.064 -0.078 9.41 21
0.137 0.156 9.584 20
0.15 0.17 9.984 20
-0.118 -0.1 10.199 20
-0.176 -0.14 9.954 20
0.05 -0.172 9.384 20
0.308 -0.1 9.474 20
0.161 0.093 10.064 21
-0.006 0.041 10.383 20
-0.063 -0.068 10.203 20
-0.086 -0.128 9.75 20
-0.065 0.037 9.188 20
0.113 0.126 9.542 20
0.207 -0.005 9.843 20
0.058 -0.204 10.038 21
-0.053 -0.24 9.854 20
0.133 -0.132 9.246 20
0.174 0.191 9.858 20
0.003 0.065 10.188 20
-0.083 -0.063 10.091 20
0.119 -0.232 9.822 20
0.238 -0.131 9.378 21
0.198 0.019 9.714 20
0.071 0.157 10.095 20
0.005 0.075 10.365 20
-0.178 -0.256 10.192 20
-0.157 -0.068 9.413 20
0.12 -0.004 9.249 20
0.324 -0.062 9.936 21
0.145 -0.128 10.257 20
-0.02 -0.19 10.235 20
0.048 -0.148 9.711 20
0.1 -0.101 9.435 20
0.078 0.11 9.951 20
-0.218 0.075 10.16 20
-0.155 -0.12 10.028 21
0.075 -0.287 9.637 20
0.106 -0.162 9.235 20
0.275 0.158 9.776 20
0.255 0.211 10.264 20
0.119 -0.103 10.29 20
0.035 -0.165 9.89 20
-0.068 0.001 9.371 21
0.065 0.148 9.451 20
0.041 0.074 10.031 20
-0.138 -0.176 10.28 20
-0.176 -0.244 9.805 20
0.15 -0.133 9.33 20
0.35 -0.043 9.415 20
0.167 0.111 10.094 21
-0.047 0.07 10.262 20
-0.17 -0.129 10.059 20
-0.08 -0.22 9.537 20
0.003 -0.02 9.204 20
0.253 0.158 9.622 20
0.305 -0.05 10.222 20
0.138 -0.268 10.217 21
0.029 -0.218 9.738 20
0.061 0.019 9.279 20
0.14 0.137 9.862 20
-0.119 -0.003 10.296 20
-0.31 -0.195 10.045 20
-0.055 -0.229 9.63 20
0.165 -0.267 9.309 21
0.265 -0.136 9.616 20
0.25 0.055 10.073 20
0.115 -0.1 10.321 20
-0.023 -0.217 10.023 20
-0.181 -0.119 9.365 20
-0.045 0.104 9.278 20
0.102 0.052 9.924 21
0.044 -0.174 10.138 20
-0.04 -0.289 10.08 20
0.013 -0.288 9.545 20
0.375 -0.081 9.555 20
0.239 0.098 10.222 20
-0.255 0.095 10.038 20
-0.17 -0.134 9.855 21
0.073 -0.29 9.507 20
0.125 -0.129 9.475 20
0.259 0.063 9.948 20
0.148 0.043 10.507 20
-0.224 -0.199 10.381 20
-0.209 -0.079 9.684 20
0.137 -0.124 9.162 21
0.334 -0.013 9.516 20
0.222 0.021 10.116 20
0.092 -0.143 10.21 20
-0.017 -0.253 10.064 20
-0.088 -0.183 9.511 20
-0.113 0.155 9.412 20
0.093 0.15 9.988 21
0.028 -0.114 10.122 20
-0.05 -0.318 9.973 20
0.066 -0.232 9.438 20
0.343 0.013 9.59 20
0.288 0.218 10.131 20
-0.202 0.043 10.273 20
-0.405 -0.01 9.867 20
-0.027 -0.144 9.465 21
0.161 -0.139 9.401 20
0.262 0.002 9.842 20
0.11 0.132 10.29 20
-0.017 -0.072 10.306 20
-0.186 -0.166 9.86 20
-0.159 0.028 9.101 20
0.08 0.108 9.415 21
0.125 -0.004 10.007 20
-0.012 -0.176 10.287 20
0.063 -0.152 9.93 20
0.151 -0.159 9.664 20
0.101 0.098 9.74 20
-0.046 0.255 9.966 20
-0.064 0.009 10.107 21
-0.078 -0.242 9.868 20
-0.007 -0.199 9.47 20
0.171 0.113 9.397 20
0.343 0.076 10.176 20
0.032 -0.072 10.39 20
-0.084 -0.187 10.256 20
-0.176 -0.015 9.585 21
0.043 0.052 9.281 20
0.148 0.129 9.831 20
0.036 0.007 10.063 20
0.07 -0.149 10.104 20
0.086 -0.328 9.755 20
-0.006 0.017 9.364 20
0.064 0.189 9.929 21
0.058 0.092 10.133 20
-0.151 -0.131 10.013 20
-0.131 -0.127 9.643 20
0.09 -0.084 9.224 20
0.377 0.021 9.623 20
0.268 0.214 10.332 20
-0.179 0.01 10.143 21
-0.123 -0.164 9.815 20
-0.057 -0.146 9.344 20
0.09 0.046 9.407 20
0.165 0.192 9.889 20
0.203 -0.099 10.198 20
0.111 -0.396 10.187 20
-0.094 -0.15 9.622 21
0.114 0.076 9.258 20
0.146 0.165 9.918 20
-0.038 -0.048 10.191 20
-0.14 -0.194 10.044 20
0.054 -0.326 9.438 20
0.273 -0.347 9.224 20
0.271 -0.018 10.052 21
0.026 -0.008 10.25 20
-0.097 -0.143 10.321 20
-0.131 -0.227 9.738 20
-0.08 -0.097 9.282 20
0.037 0.115 9.548 20
0.184 0.089 10.035 20
0.061 -0.21 10.198 21
0.002 -0.32 9.938 20
-0.022 -0.202 9.38 20
0.295 0.016 9.566 20
0.158 0.041 10.04 20
-0.274 -0.005 10.305 20
-0.143 -0.202 9.852 20
0.141 -0.23 9.289 21
0.25 -0.092 9.514 20
0.214 0.036 10.071 20
0.137 -0.037 10.215 20
0.015 -0.154 10.244 20
-0.153 -0.077 9.662 20
-0.12 0.032 9.189 20
0.026 0.111 9.638 21
0.096 -0.021 10.095 20
-0.141 -0.297 10.081 20
0.019 -0.296 9.732 20
0.213 -0.123 9.42 20
0.364 0.027 9.785 20
0.032 0.105 10.356 20
-0.239 0.098 10.163 21
-0.103 -0.18 9.608 20
0.023 -0.131 9.326 20
0.05 0.0 9.518 20
0.107 0.076 9.931 20
0.125 -0.134 10.133 20
0.003 -0.303 9.929 20
-0.125 -0.21 9.41 21
0.197 0.105 9.471 20
0.178 0.124 10.069 20
-0.099 -0.032 10.208 20
-0.205 -0.15 9.955 20
-0.023 -0.215 9.428 20
0.28 -0.151 9.21 20
0.368 -0.017 10.106 21
0.256 -0.162 10.195 20
-0.087 -0.236 10.107 20
0.046 -0.158 9.892 20
0.118 -0.065 9.619 20
-0.002 0.182 9.895 20
-0.184 0.192 9.922 20
-0.274 -0.022 9.86 21
-0.051 -0.295 9.673 20
0.004 -0.262 9.335 20
0.187 0.007 9.473 20
0.254 0.012 10.022 20
0.139 -0.115 10.216 20
-0.001 -0.196 10.032 20
-0.073 -0.107 9.291 21
0.169 0.175 9.28 20
0.119 0.173 9.981 20
-0.197 -0.105 10.13 20
-0.198 -0.151 9.93 20
0.062 -0.232 9.379 20
0.369 -0.258 9.45 20
0.292 0.05 10.079 21
0.0 0.039 10.369 20
-0.137 -0.027 10.12 20
-0.042 -0.136 9.743 20
-0.081 -0.046 9.33 20
-0.012 0.116 9.637 20
0.191 -0.013 10.042 20
0.109 -0.3 10.051 20
-0.014 -0.388 9.755 21
0.142 -0.059 9.421 20
0.345 0.2 9.72 20
0.234 0.098 10.155 20
-0.101 -0.099 10.295 20
-0.264 -0.085 9.733 20
-0.082 -0.077 9.014 20
0.152 0.039 9.352 21
0.186 0.04 10.095 20
-0.033 -0.1 10.046 20
0.081 -0.163 9.997 20
0.197 -0.185 9.553 20
0.227 -0.006 9.582 20
0.064 0.267 10.085 20
-0.095 0.029 10.166 21
-0.138 -0.077 10.049 20
-0.208 -0.204 9.411 20
-0.037 0.015 9.249 20
0.204 0.092 9.791 20
0.308 -0.12 10.167 20
0.079 -0.323 10.146 20
-0.085 -0.25 9.835 21
0.083 -0.073 9.356 20
0.207 0.103 9.793 20
0.016 0.018 10.083 20
-0.234 -0.108 10.188 20
-0.174 -0.215 9.683 20
0.108 -0.218 9.209 20
0.248 -0.083 9.549 21
0.153 -0.099 10.261 20
-0.109 -0.052 10.1 20
0.179 -0.162 9.991 20
0.164 -0.131 9.575 20
0.238 0.023 9.528 20
0.117 0.178 9.937 20
-0.185 0.145 10.111 21
-0.145 -0.039 9.982 20
-0.148 -0.13 9.523 20
-0.027 -0.031 9.224 20
0.064 -0.001 10.012 20
-0.002 -0.098 10.052 20
0.042 -0.315 9.98 20
0.029 -0.274 9.688 21
0.128 -0.13 9.47 20
0.262 0.11 9.854 20
0.194 0.128 10.365 20
-0.059 -0.19 10.409 20
-0.195 -0.115 9.983 20
-0.136 0.012 9.444 20
0.06 0.142 9.568 21
0.076 0.077 10.066 20
-0.148 -0.077 10.259 20
-0.134 -0.255 10.058 20
0.03 -0.048 9.348 20
0.4 0.018 9.432 20
0.35 -0.014 10.133 20
0.002 -0.129 10.41 21
-0.062 -0.177 10.198 20
-0.063 -0.191 9.638 20
0.07 0.005 9.44 20
-0.015 0.176 9.973 20
-0.253 0.081 10.105 20
-0.224 -0.176 9.905 20
0.044 -0.271 9.466 21
0.129 -0.173 9.419 20
0.257 0.026 9.812 20
0.188 0.083 10.498 20
-0.002 -0.237 10.419 20
-0.257 -0.126 9.927 20
-0.105 0.107 9.312 20
0.239 0.202 9.522 21
0.141 0.034 10.117 20
-0.137 -0.275 10.221 20
-0.095 -0.269 9.761 20
0.261 -0.152 9.411 20
0.15 0.066 9.698 20
-0.054 0.182 10.149 20
-0.121 0.025 10.009 21
-0.11 -0.151 9.864 20
-0.047 -0.143 9.528 20
0.256 0.109 9.369 20
0.289 0.223 9.995 20
0.179 -0.094 10.333 20
-0.104 -0.086 10.141 20
-0.17 -0.049 9.504 21
0.008 0.057 9.35 20
0.081 0.081 10.01 20
0.004 -0.059 10.345 20
-0.093 -0.155 10.14 20
0.255 -0.37 9.607 20
0.264 -0.185 9.287 20
0.203 0.071 9.751 21
0.056 0.049 10.124 20
-0.099 -0.068 10.149 20
-0.131 -0.245 9.751 20
-0.176 0.012 9.231 20
0.168 0.121 9.643 20
0.267 -0.087 10.11 20
0.056 -0.163 10.382 21
-0.026 -0.264 10.068 20
0.075 -0.156 9.405 20
0.192 0.12 9.504 20
0.115 0.252 10.165 20
-0.291 -0.023 10.117 20
-0.257 -0.184 9.876 20
0.067 -0.323 9.452 21
0.213 -0.176 9.464 20
0.234 0.009 9.889 20
0.243 -0.003 10.251 20
0.06 -0.156 10.131 20
-0.131 -0.176 9.721 20
-0.075 0.015 9.239 20
0.002 0.2 9.649 20
0.054 0.047 10.066 21
-0.086 -0.15 10.01 20
-0.048 -0.145 9.846 20
0.208 -0.059 9.27 20
0.374 -0.051 9.845 20
0.114 0.148 10.25 20
-0.209 0.051 10.236 20
-0.197 -0.085 9.792 21
-0.077 -0.077 9.447 20
0.035 0.032 9.513 20
0.029 0.155 9.921 20
0.094 -0.117 10.188 20
0.185 -0.407 10.065 20
0.144 -0.184 9.811 20
0.188 0.034 9.575 21
0.202 0.19 9.867 20
-0.053 0.045 10.262 20
-0.196 -0.107 10.103 20
-0.169 -0.226 9.465 20
0.242 -0.062 9.314 20
0.325 -0.055 9.995 20
0.089 0.027 10.389 21
0.024 -0.117 10.342 20
0.04 -0.201 9.822 20
-0.041 -0.03 9.398 20
-0.092 0.214 9.721 20
0.016 0.127 9.811 20
-0.016 -0.233 10.087 20
0.029 -0.366 9.896 21
0.116 -0.201 9.598 20
0.375 0.07 9.756 20
0.289 0.071 10.219 20
-0.169 0.032 10.423 20
-0.396 -0.028 9.852 20
-0.056 -0.132 9.13 20
0.193 -0.131 9.322 21
0.162 -0.008 10.032 20
0.036 -0.055 10.216 20
0.023 -0.233 10.208 20
-0.039 -0.218 9.716 20
-0.052 0.168 9.447 20
0.057 0.186 9.683 20
0.081 -0.066 9.992 21
-0.054 -0.206 10.115 20
0.034 -0.216 9.619 20
0.214 -0.089 9.456 20
0.193 0.059 9.962 20
-0.104 0.056 10.331 20
-0.304 0.079 9.912 20
-0.01 -0.144 9.637 21
0.087 -0.172 9.345 20
0.124 0.06 9.742 20
0.13 0.084 10.108 20
0.051 -0.155 10.274 20
-0.093 -0.221 10.057 20
-0.226 -0.034 9.143 20
0.101 0.072 9.415 21
0.11 0.011 9.933 20
-0.059 -0.163 10.132 20
0.0 -0.234 9.9 20
0.257 -0.228 9.476 20
0.448 -0.062 9.575 20
0.141 0.103 10.041 20
-0.206 0.084 10.132 21
-0.216 -0.115 9.942 20
-0.087 -0.212 9.557 20
0.012 -0.037 9.348 20
0.187 0.076 9.835 20
0.292 -0.083 10.189 20
-0.018 -0.22 10.494 20
-0.069 -0.135 9.786 21
-0.059 0.039 9.296 20
0.04 0.154 9.728 20
-0.096 0.091 10.041 20
-0.187 -0.067 10.038 20
0.081 -0.289 9.773 20
0.275 -0.3 9.517 20
0.218 0.114 9.855 21
0.078 0.141 10.282 20
-0.042 -0.061 10.237 20
-0.198 -0.222 9.91 20
-0.113 -0.139 9.249 20
0.113 0.034 9.345 20
0.389 -0.084 10.11 20
0.118 -0.134 10.508 21
-0.059 -0.193 10.111 20
0.042 -0.142 9.652 20
0.131 0.063 9.543 20
0.008 0.071 9.988 20
-0.273 0.045 10.153 20
-0.187 -0.217 9.846 20
0.177 -0.363 9.579 21
0.214 -0.183 9.388 20
0.25 0.07 9.763 20
0.239 0.039 10.233 20
0.029 -0.134 10.331 20
-0.257 -0.219 9.757 20
-0.147 -0.028 9.087 20
0.215 0.026 9.466 21
0.167 0.004 10.163 20
-0.035 -0.243 10.317 20
0.062 -0.173 9.915 20
0.167 -0.127 9.442 20
0.195 0.11 9.747 20
-0.08 0.157 10.105 20
-0.234 -0.027 10.138 21
-0.118 -0.1 9.817 20
0.05 -0.015 9.308 20
0.114 -0.007 9.418 20
0.309 0.15 9.92 20
0.154 -0.13 10.307 20
-0.142 -0.213 10.259 20
-0.195 -0.067 9.467 21
0.147 -0.029 9.173 20
0.191 0.157 10.051 20
0.016 -0.012 10.129 20
0.003 -0.192 10.052 20
0.099 -0.189 9.776 20
0.074 0.064 9.525 20
-0.115 0.202 9.587 20
-0.041 0.072 10.126 21
-0.179 -0.253 10.178 20
-0.032 -0.248 9.831 20
0.16 -0.038 9.385 20
0.367 0.096 9.729 20
0.025 0.146 10.175 20
-0.279 -0.012 10.029 20
-0.103 -0.059 9.632 21
0.03 -0.167 9.256 20
0.115 -0.036 9.558 20
0.163 0.056 10.147 20
0.174 -0.12 10.318 20
0.006 -0.162 10.122 20
-0.174 -0.054 9.543 20
0.089 0.146 9.393 21
0.16 0.168 9.864 20
-0.096 0.018 10.332 20
-0.137 -0.126 10.157 20
0.069 -0.208 9.558 20
0.248 -0.096 9.472 20
0.068 0.111 10.066 20
-0.065 0.141 10.223 21
-0.13 -0.129 9.961 20
-0.127 -0.31 9.615 20
0.076 -0.088 9.274 20
0.315 0.138 9.643 20
0.204 0.02 10.366 20
-0.155 -0.139 10.366 20
-0.186 -0.156 9.769 21
-0.086 0.016 9.215 20
0.147 0.03 9.558 20
0.083 0.155 10.085 20
0.062 -0.036 10.172 20
0.125 -0.264 9.89 20
0.058 -0.161 9.398 20
0.046 0.168 9.621 21
-0.055 0.147 10.089 20
-0.162 -0.055 10.528 20
-0.159 -0.176 10.078 20
-0.013 -0.121 9.409 20
0.312 -0.058 9.273 20
0.435 0.071 9.98 20
0.056 0.023 10.312 21
-0.151 -0.124 10.108 20
-0.145 -0.038 9.572 20
-0.051 0.025 9.171 20
0.055 0.134 9.742 20
0.1 0.006 10.127 20
0.155 -0.224 10.275 20
0.021 -0.259 9.828 21
0.08 -0.001 9.242 20
0.266 0.127 9.565 20
0.029 0.17 10.181 20
-0.168 -0.058 10.095 20
-0.139 -0.181 9.698 20
0.214 -0.251 9.365 20
0.364 -0.104 9.708 21
0.164 0.095 10.358 20
0.007 -0.006 10.287 20
-0.101 -0.202 9.967 20
-0.055 -0.149 9.51 20
-0.066 0.053 9.294 20
-0.082 0.162 9.735 20
0.054 -0.094 10.009 21
0.037 -0.3 9.971 20
0.108 -0.261 9.519 20
0.215 -0.098 9.557 20
0.304 0.178 10.139 20
-0.034 0.057 10.435 20
-0.232 -0.025 10.079 20
-0.105 -0.095 9.379 21
0.081 -0.125 9.088 20
0.214 0.114 9.867 20
0.131 0.053 10.253 20
0.025 -0.132 10.207 20
-0.001 -0.186 9.897 20
-0.186 -0.1 9.475 20
-0.005 0.15 9.574 21
0.153 0.014 9.96 20
0.027 -0.177 10.152 20
-0.009 -0.338 9.94 20
0.111 -0.245 9.392 20
0.268 -0.072 9.597 20
0.087 0.174 10.094 20
-0.26 0.068 10.167 21
-0.233 -0.132 9.821 20
-0.034 -0.101 9.276 20
0.083 -0.024 9.307 20
0.207 0.07 9.927 20
0.174 0.084 10.307 20
0.13 -0.18 10.112 20
-0.014 -0.174 9.713 21
-0.068 0.054 9.402 20
0.13 0.164 9.951 20
0.002 0.052 10.18 20
-0.256 -0.172 10.196 20
-0.202 -0.182 9.583 20
0.156 -0.082 9.19 20
0.375 0.013 9.653 21
0.234 -0.038 10.152 20
-0.077 -0.192 10.182 20
-0.002 -0.24 9.804 20
0.086 -0.15 9.289 20
-0.035 0.058 9.833 20
-0.167 0.092 10.159 20
-0.176 -0.06 10.05 21
0.014 -0.3 9.883 20
0.012 -0.25 9.267 20
0.231 0.053 9.374 20
0.24 0.183 10.103 20
0.121 -0.126 10.378 20
-0.152 -0.234 10.147 20
-0.185 -0.105 9.567 20
0.071 -0.019 9.323 21
0.241 0.091 9.848 20
0.039 -0.147 10.31 20
0.011 -0.226 10.156 20
0.104 -0.152 9.74 20
0.403 -0.082 9.62 20
0.937 0.204 10.031 20
0.967 0.238 10.004 21
1.728 -0.268 9.502 20
1.795 -0.216 9.448 20
1.554 -0.283 9.931 20
0.72 -0.069 9.793 20
1.071 0.318 10.183 20
0.944 -0.293 9.691 20
0.491 0.082 9.807 21
0.361 0.031 9.266 20
0.139 -0.329 9.293 20
1.442 0.158 10.265 20
1.434 -0.508 10.339 20
1.317 -0.79 8.545 20
1.088 -0.073 9.27 20
1.265 0.049 8.971 21
0.212 -0.079 9.199 20
0.557 0.506 10.474 20
-0.074 -0.012 9.336 20
0.231 -0.488 9.036 20
1.641 -0.031 8.842 20
1.489 -0.217 9.143 20
1.173 -0.204 8.996 21
0.232 0.06 9.532 20
-0.309 -0.418 8.396 20
0.48 0.263 8.581 20
0.336 -1.283 7.668 20
0.142 -0.583 9.936 20
0.097 -0.14 9.531 20
0.086 -0.115 11.247 21
-0.173 0.462 12.616 20
-0.268 0.155 10.459 20
1.759 -0.14 11.322 20
-1.772 0.103 7.665 20
-0.431 0.201 8.985 20
-0.624 0.186 6.361 20
-0.684 -0.644 9.794 21
-1.089 -0.523 11.12 20
-0.01 0.253 10.888 20
-0.262 -0.917 12.434 20
-0.743 -1.455 7.722 20
-0.968 1.207 13.228 20
-0.759 -1.301 8.459 20
0.599 0.257 12.874 21
1.419 -0.364 9.665 20
0.169 0.595 10.273 20
-0.534 0.324 11.1 20
-0.091 -0.447 10.023 20
-0.728 0.271 10.786 20
0.946 0.449 7.03 20
0.198 -0.305 7.196 21
-0.25 -0.936 7.79 20
-0.681 -0.442 10.166 20
-0.308 -0.682 10.123 20
-0.689 -0.276 9.841 20
-0.096 0.655 10.32 20
-0.103 0.168 7.298 20
-0.047 -0.284 9.346 21
-0.078 -0.097 9.646 20
-0.335 -0.843 10.032 20
-0.888 -0.456 11.92 20
0.673 -0.19 9.12 20
1.518 0.22 12.662 20
2.85 -0.3 11.182 20
2.082 -1.609 12.201 21
0.904 0.172 10.694 20
-0.255 1.119 10.763 20
-0.225 -1.687 9.82 20
-0.161 0.246 10.948 20
0.708 -0.135 8.047 20
-0.67 -0.889 9.09 20
0.268 -0.38 7.933 21
0.499 -0.5 9.85 20
0.448 0.186 11.3 20
0.833 0.522 11.494 20
1.622 -0.72 10.341 20
-1.181 1.257 10.078 20
0.643 -1.026 12.075 20
1.116 -0.031 7.75 21
0.381 0.332 10.57 20
1.216 0.237 9.011 20
3.016 0.054 7.195 20
0.087 0.418 11.332 20
2.146 0.309 9.639 20
1.379 0.137 8.272 20
1.348 -1.835 10.973 21
0.688 -0.482 7.645 20
-0.293 0.21 7.895 20
-0.501 -0.665 8.683 20
0.35 0.072 8.886 20
-1.06 -0.427 9.361 20
-0.568 -0.775 7.86 20
1.434 -1.542 13.045 20
1.01 -0.954 9.536 21
-0.305 -0.224 9.783 20
-0.039 -0.562 9.393 20
-0.809 -0.744 9.518 20
-1.49 -0.075 8.738 20
-0.989 0.8 12.734 20
-0.241 -0.636 11.141 20
-0.698 -0.216 8.237 21
-0.956 -0.43 10.131 20
-2.459 -0.022 11.682 20
-7.974 1.313 10.569 20
-6.149 0.442 10.73 20
-2.2 -2.223 6.297 20
-0.653 0.313 10.112 20
0.329 1.457 10.192 21
-0.007 -0.895 10.382 20
-0.955 -0.185 9.425 20
0.095 0.556 9.569 20
0.793 -0.008 10.112 20
0.464 0.323 9.656 20
-2.201 -0.593 9.296 20
-3.467 -0.755 9.455 21
-2.795 0.153 9.272 20
-0.802 -0.335 8.913 20
-2.017 -0.458 9.472 20
-1.102 1.06 9.215 20
-1.538 0.742 10.049 20
-0.818 -1.784 10.227 20
0.319 1.804 8.705 21
-0.48 0.114 9.375 20
-1.849 -1.064 10.138 20
-1.234 -0.163 10.927 20
-1.515 -0.062 8.744 20
-1.493 -0.551 9.356 20
-0.955 0.211 13.165 20
-0.637 -0.394 9.723 21
0.114 -0.666 12.704 20
-0.002 0.068 10.282 20
0.15 -1.014 10.77 20
-0.636 -0.472 11.46 20
0.133 -0.436 9.913 20
-1.342 0.193 10.702 20
0.048 0.671 8.23 21
0.334 -0.562 10.626 20
0.302 -0.456 9.507 20
-0.108 0.188 9.28 20
-0.266 -0.205 9.877 20
-0.019 -0.024 11.021 20
-0.952 -1.255 10.095 20
0.764 0.221 12.329 21
-0.144 0.483 9.43 20
-0.276 0.043 8.795 20
0.211 0.323 8.303 20
0.258 -0.5 8.99 20
-0.638 -0.606 9.79 20
0.147 -0.517 10.48 20
-0.338 0.15 9.221 21
0.771 1.087 10.342 20
0.0 0.059 11.0 20
0.608 -0.448 9.627 20
-1.069 -0.372 8.839 20
-0.7 1.013 9.993 20
-1.835 -0.928 9.49 20
-0.94 0.725 10.407 21
-1.851 -0.985 7.316 20
0.254 0.386 11.081 20
-0.271 -0.556 9.671 20
-0.957 -0.329 9.172 20
-0.032 -0.95 7.26 20
1.224 0.106 6.567 20
-0.569 0.768 8.736 21
-1.529 -1.142 8.686 20
-1.072 0.444 13.669 20
-1.119 -0.123 11.592 20
-0.724 -0.518 11.701 20
-0.676 0.236 9.277 20
0.615 -0.359 10.16 20
-0.142 0.852 8.037 21
-1.681 0.725 5.676 20
0.163 -0.105 8.487 20
-1.077 -0.99 7.338 20
0.135 0.46 11.008 20
-0.212 -0.515 10.257 20
-0.164 0.636 9.273 20
0.261 -0.097 11.97 21
1.47 -0.86 9.919 20
-2.245 1.711 8.994 20
-1.009 0.102 9.98 20
0.386 -0.98 10.889 20
0.322 0.065 9.467 20
-0.051 -0.881 9.591 20
0.874 0.173 9.145 21
0.278 0.369 10.462 20
-0.621 -0.534 10.663 20
-0.877 0.055 12.357 20
1.733 -0.281 13.783 20
2.8 0.14 9.338 20
0.382 -0.365 9.432 20
1.386 -1.273 7.935 21
-0.016 1.861 7.499 20
-1.359 0.332 8.492 20
0.459 -0.99 12.702 20
-0.324 0.829 10.024 20
-0.716 0.284 10.902 20
-0.688 -0.07 10.753 20
0.445 0.669 9.915 21
0.99 -0.879 8.641 20
2.58 0.208 8.584 20
2.993 -0.695 9.153 20
4.044 1.124 6.808 20
3.596 0.068 8.846 20
3.229 -0.949 9.645 20
1.292 1.087 10.956 21
0.683 -0.848 11.104 20
-0.172 0.288 8.318 20
1.41 1.486 10.164 20
1.063 -0.524 9.574 20
-1.807 -0.352 10.085 20
-3.019 0.402 9.858 20
-1.713 -0.163 9.478 20
1.661 0.737 9.141 21
2.061 -0.617 9.573 20
1.144 0.059 10.294 20
0.96 -0.337 10.425 20
2.06 0.257 9.481 20
2.994 0.041 8.869 20
2.416 -0.237 9.345 20
0.475 0.078 9.22 21
-0.617 0.094 9.301 20
-0.639 -0.308 9.283 20
0.863 -0.461 9.796 20
1.775 -0.009 9.733 20
1.495 -0.077 9.819 20
0.636 -0.223 9.334 20
0.767 -0.22 9.451 21
1.586 -0.458 9.409 20
1.439 -0.519 9.714 20
1.871 0.122 10.244 20
0.257 -0.443 9.874 20
-0.408 -0.434 9.181 20
0.019 0.217 8.919 20
0.565 -0.421 9.302 21
0.812 -0.035 10.465 20
1.196 -0.486 9.392 20
1.232 -0.136 10.461 20
1.153 -0.081 10.373 20
0.065 -0.172 9.282 20
0.702 0.605 9.873 20
0.702 -0.62 9.697 21
0.711 0.185 9.962 20
0.128 0.154 7.676 20
1.338 -0.969 9.524 20
0.964 0.036 9.674 20
1.196 0.341 10.516 20
0.326 0.195 10.559 20
-0.484 -0.021 10.747 21
0.003 0.852 9.712 20
-0.947 -0.773 9.54 20
2.128 -0.912 11.636 20
-0.132 0.424 8.853 20
1.113 -0.842 10.699 20
-0.022 -0.558 10.729 20
-0.029 -0.024 11.221 21
-0.968 -0.597 14.495 20
-0.37 0.423 6.414 20
0.818 0.518 14.134 20
-0.68 -1.107 5.789 20
0.1 0.171 9.878 20
-0.827 -1.045 10.416 20
0.118 0.321 9.662 21
-0.288 0.744 10.776 20
0.712 -0.34 9.443 20
1.207 2.284 8.925 20
1.042 -0.783 10.711 20
0.44 -0.029 8.675 20
-0.169 0.433 10.959 20
0.216 -0.862 10.44 21
0.877 0.118 9.279 20
0.877 -1.345 8.149 20
-0.266 0.495 7.896 20
-1.108 -0.414 11.283 20
-0.817 0.322 8.554 20
-0.085 0.482 10.673 20
-0.027 0.166 9.403 21
-0.844 -0.231 11.448 20
0.118 -0.681 8.724 20
0.029 -1.2 11.86 20
-0.937 -0.519 8.541 20
-0.411 -0.069 10.963 20
0.566 -0.899 10.129 20
-0.394 0.825 10.4 21
-1.006 -0.4 9.979 20
0.577 -0.396 8.029 20
-0.713 1.311 11.28 20
0.457 -1.499 9.658 20
-0.385 -0.122 10.148 20
-0.267 0.286 9.278 20
-0.535 -0.027 9.182 21
-0.621 0.106 8.457 20
-0.942 0.69 9.425 20
0.49 -0.301 8.326 20
-1.911 1.14 7.348 20
-0.43 -0.937 8.589 20
-0.037 0.249 6.155 20
0.718 0.058 8.097 21
0.823 -0.422 8.184 20
0.407 -0.293 9.054 20
1.606 -0.082 9.275 20
0.077 -0.411 9.642 20
1.014 -0.387 9.181 20
-0.76 -1.042 10.485 20
-0.219 -0.239 11.394 21
-0.392 0.13 10.208 20
-0.507 1.134 10.05 20
-0.668 -0.157 7.688 20
0.742 0.263 10.282 20
0.151 -0.397 8.848 20
-0.073 0.79 9.797 20
0.65 0.295 8.462 21
0.319 -0.334 8.032 20
0.275 0.332 9.545 20
-0.446 -0.532 10.208 20
0.124 -0.996 11.75 20
0.026 0.327 6.247 20
0.452 0.81 9.437 20
-0.491 -0.223 8.927 21
-0.589 0.455 11.372 20
-0.544 0.272 9.171 20
0.162 0.3 7.725 20
0.029 0.037 8.507 20
0.767 0.308 9.848 20
-0.286 -0.392 9.038 20
0.433 -0.7 9.029 20
-0.003 -0.879 9.524 21
-0.727 -0.451 9.65 20
-0.271 0.192 9.203 20
-0.181 -0.1 9.37 20
-0.386 -0.195 8.477 20
-0.661 -0.085 8.388 20
-0.913 -0.142 8.377 20
-0.077 0.05 9.846 21
-0.106 -0.567 10.691 20
0.288 -0.851 10.799 20
-0.071 0.921 11.058 20
-1.515 -0.004 10.112 20
-0.357 -1.358 10.948 20
0.306 0.909 10.4 20
-1.025 -0.158 10.463 21
-0.901 -0.614 9.554 20
-2.244 0.402 9.39 20
-4.25 0.335 9.284 20
-4.232 -0.602 9.542 20
-1.978 0.131 9.404 20
0.928 0.143 10.189 20
0.656 -0.755 9.673 21
-0.911 0.245 9.516 20
-2.516 0.123 9.815 20
-1.832 -0.182 10.508 20
-0.315 0.46 10.42 20
-0.09 -0.285 10.341 20
-1.57 -0.287 9.756 20
-1.602 0.173 10.19 21
-1.846 0.392 9.768 20
-1.405 -0.186 9.464 20
-1.169 0.301 10.136 20
0.524 0.253 9.321 20
-0.81 -0.82 9.162 20
-1.067 0.831 10.176 20
-1.156 -0.72 10.227 21
-0.89 -0.985 10.673 20
-1.302 0.059 11.163 20
0.096 0.651 11.935 20
-0.759 -0.924 9.767 20
0.089 -0.166 13.515 20
-0.216 -0.2 7.727 20
-0.859 -1.03 9.602 21
0.916 0.326 5.72 20
-0.297 -0.56 8.021 20
-0.107 -0.153 7.609 20
-0.139 0.184 6.986 20
-0.762 -0.174 8.392 20
-0.723 -0.299 6.419 20
-0.066 -0.039 11.465 21
0.598 -0.191 9.845 20
0.528 -0.333 10.947 20
0.686 0.179 10.393 20
-0.229 -0.403 11.002 20
1.15 0.18 11.096 20
0.418 -0.171 9.965 20
0.114 -0.279 9.874 21
0.036 0.446 11.556 20
-0.681 -0.117 10.328 20
-0.306 0.394 9.931 20
0.387 1.282 10.912 20
0.604 -0.164 8.733 20
-0.772 -0.369 11.522 20
1.236 -0.8 7.924 21
1.134 -0.771 10.678 20
0.904 0.626 7.69 20
0.881 0.235 7.127 20
-0.723 0.1 7.925 20
0.967 0.069 7.662 20
-0.413 -0.926 9.334 20
1.903 -0.446 10.66 21
-0.253 0.384 10.312 20
-0.003 -0.463 9.785 20
-0.432 -0.587 8.908 20
-0.953 -0.033 7.613 20
-0.592 0.196 9.436 20
-0.86 0.037 9.551 20
-0.108 0.063 13.078 21
-0.143 -1.307 8.887 20
1.587 0.627 9.404 20
0.243 -0.467 9.098 20
-0.56 -0.125 11.612 20
-0.423 -0.529 12.22 20
-1.558 -0.54 11.04 20
1.179 -0.523 11.11 21
0.542 -0.019 6.697 20
0.184 -0.598 9.749 20
0.455 0.784 8.081 20
-0.148 -0.418 8.901 20
-0.593 0.276 9.996 20
1.62 -0.49 7.517 20
-0.788 -0.649 10.51 21
-1.317 1.203 10.211 20
-0.449 -0.112 9.294 20
-0.91 -0.159 9.498 20
0.458 0.236 8.369 20
1.029 -0.776 9.642 20
-0.14 -0.516 9.945 20
-0.985 -0.672 11.157 21
0.527 -0.186 9.164 20
1.482 -0.005 12.293 20
-0.474 -0.47 10.25 20
-1.253 -0.061 12.99 20
-0.294 -0.32 14.032 20
-1.256 -0.416 15.009 20
-1.025 -0.173 10.321 21
-0.356 0.789 11.72 20
2.58 -0.278 9.003 20
0.618 1.353 7.11 20
1.295 0.116 7.45 20
0.12 -0.673 9.113 20
0.127 -0.423 7.194 20
-0.985 0.924 6.315 20
0.994 -0.196 8.376 21
-0.027 -0.573 10.066 20
1.928 -0.026 12.405 20
0.098 -0.657 14.318 20
-0.233 -0.528 12.908 20
0.392 -0.416 10.6 20
1.703 -0.008 8.041 20
1.464 -0.528 5.23 21
2.73 0.581 7.45 20
4.017 0.302 7.513 20
3.071 -1.396 7.822 20
1.958 -0.054 8.993 20
0.386 -0.576 9.396 20
-0.121 -0.376 8.72 20
0.707 0.494 9.408 21
0.713 -0.419 9.904 20
-0.586 -0.445 10.805 20
-1.509 -0.015 9.469 20
-0.883 -0.202 8.997 20
1.411 0.227 9.268 20
2.307 -0.438 10.534 20
3.377 -0.035 10.566 21
0.72 -0.404 10.815 20
0.543 -0.649 10.001 20
0.388 0.395 9.7 20
1.427 0.194 10.491 20
1.356 -0.037 9.544 20
0.665 -0.153 9.778 20
0.308 -0.29 9.239 21
0.338 -0.568 10.042 20
1.515 -0.158 9.196 20
1.002 0.109 10.15 20
1.409 0.214 10.039 20
1.072 -0.397 9.94 20
0.494 -0.043 10.258 20
0.759 0.042 9.428 21
0.954 -1.129 10.882 20
1.665 0.748 9.378 20
1.25 -0.28 11.206 20
-0.076 -0.676 8.756 20
0.203 -0.032 9.703 20
0.823 -0.308 10.224 20
0.497 0.163 10.509 21
0.18 -0.336 9.202 20
-0.97 0.081 11.109 20
0.109 -0.415 10.778 20
-0.968 0.347 11.964 20
-0.758 -0.166 11.494 20
-0.955 0.557 11.175 20
-1.168 0.162 8.873 21
-1.236 0.861 10.014 20
-0.763 0.623 10.97 20
-2.541 -0.639 11.219 20
-3.896 -0.381 10.68 20
-4.757 -0.14 10.873 20
-3.024 0.262 10.265 20
-2.031 0.21 9.447 21
-1.163 0.046 10.181 20
-0.816 -0.039 10.152 20
-0.564 -0.503 9.851 20
-0.5 0.065 9.968 20
0.386 -0.308 10.037 20
1.145 -0.312 10.251 20
1.823 0.01 9.964 21
2.067 -0.218 11.002 20
2.656 -0.423 10.471 20
2.108 0.029 9.79 20
1.275 -0.041 10.296 20
1.265 0.215 9.904 20
1.05 -0.113 9.612 20
0.723 -0.235 9.529 21
0.786 -0.025 9.373 20
-0.154 -0.504 9.272 20
-0.864 0.007 9.889 20
-0.351 0.155 10.018 20
-0.776 -0.288 9.772 20
-0.398 0.031 9.645 20
0.033 -0.037 9.427 21
0.333 -0.342 10.047 20
-0.385 0.029 9.924 20
-0.874 -0.342 9.922 20
-1.238 -0.251 9.426 20
-0.796 0.188 9.886 20
-0.02 -0.138 10.203 20
0.177 -0.227 10.209 21
0.096 -0.171 9.925 20
0.111 -0.131 9.469 20
-0.078 -0.027 9.783 20
-0.08 -0.028 10.136 20
0.231 -0.036 10.172 20
0.093 -0.061 9.983 20
0.0 -0.1 9.59 21
0.105 -0.032 9.425 20
0.36 -0.024 9.947 20
0.384 -0.149 10.394 20
-0.209 -0.223 10.104 20
-0.178 0.004 9.957 20
-0.09 0.028 9.667 20
-0.045 0.17 9.575 21
0.14 0.02 9.892 20
0.043 -0.257 10.097 20
0.043 -0.058 9.819 20
-0.126 -0.262 9.304 20
0.151 -0.144 9.378 20
0.318 0.074 10.036 20
-0.064 -0.115 10.123 21
-0.094 -0.178 9.681 20
0.13 -0.093 9.43 20
0.145 -0.185 9.506 20
-0.129 0.079 9.967 20
0.115 -0.153 10.218 20
0.043 -0.111 10.155 20
-0.122 0.037 9.767 21
0.169 -0.052 9.405 20
0.325 -0.11 9.981 20
0.018 -0.158 10.228 20
-0.255 -0.226 9.909 20
0.011 0.078 9.805 20
0.025 -0.01 9.283 20
0.2 -0.046 9.61 20
0.287 -0.052 10.33 21
-0.106 -0.171 10.405 20
-0.283 -0.031 9.705 20
0.016 0.08 9.473 20
0.204 0.17 9.422 20
0.159 0.04 10.108 20
0.194 -0.14 9.934 20
0.047 -0.155 9.89 21
-0.234 -0.033 9.478 20
-0.207 0.008 9.551 20
0.091 0.126 9.809 20
0.254 -0.083 10.161 20
-0.111 -0.11 9.963 20
0.09 -0.191 9.54 20
0.264 -0.102 9.454 21
0.154 -0.056 10.17 20
-0.07 -0.091 10.221 20
-0.225 -0.158 10.166 20
-0.028 -0.007 9.906 20
-0.026 0.197 9.244 20
0.081 0.017 9.572 20
0.334 -0.071 10.36 21
0.216 -0.183 10.418 20
-0.189 -0.161 9.841 20
-0.084 -0.039 9.284 20
0.154 0.176 9.564 20
0.228 0.102 10.174 20
-0.17 -0.114 10.093 20
-0.104 -0.191 9.861 21
0.181 -0.115 9.527 20
0.116 -0.03 9.543 20
0.048 -0.059 10.222 20
0.02 -0.142 10.141 20
-0.1 0.008 9.874 20
-0.217 -0.009 9.487 20
0.079 -0.089 9.335 21
0.418 -0.05 9.884 20
0.196 -0.175 10.395 20
-0.111 -0.175 10.231 20
-0.232 -0.151 9.663 20
0.073 -0.175 9.163 20
0.015 0.072 9.777 20
0.017 0.004 10.223 21
0.079 -0.139 10.129 20
0.144 -0.179 9.881 20
0.046 -0.149 9.471 20
0.093 -0.064 9.686 20
0.129 -0.074 10.356 20
0.067 -0.074 10.41 20
-0.273 -0.093 9.952 21
-0.164 -0.001 9.197 20
0.26 0.083 9.283 20
0.277 -0.016 10.222 20
0.043 -0.184 10.191 20
-0.145 -0.123 10.129 20
-0.047 -0.121 9.465 20
0.084 0.038 9.226 21
-0.015 0.148 9.844 20
0.066 0.063 10.208 20
0.032 0.089 10.091 20
-0.11 0.049 9.747 20
0.038 -0.009 9.315 20
0.284 0.099 9.782 20
0.304 -0.065 10.326 21
-0.136 -0.135 10.103 20
-0.308 -0.1 9.65 20
-0.01 0.026 9.28 20
0.201 0.123 9.684 20
0.136 0.118 10.095 20
-0.106 -0.148 10.28 20
0.129 -0.116 9.829 21
0.113 -0.111 9.466 20
-0.064 -0.09 9.6 20
-0.046 -0.074 10.159 20
-0.047 -0.079 10.329 20
-0.051 -0.022 10.087 20
-0.169 -0.158 9.251 20
0.295 -0.044 9.313 21
0.479 0.003 10.19 20
0.014 -0.097 10.367 20
-0.281 -0.143 10.083 20
-0.034 -0.118 9.619 20
0.037 0.096 9.182 20
0.24 0.089 9.812 20
0.218 -0.188 10.186 21
0.175 -0.21 10.149 20
-0.064 -0.238 9.842 20
-0.054 -0.136 9.405 20
0.153 0.129 9.633 20
0.274 0.106 10.263 20
-0.194 -0.107 10.274 20
-0.134 -0.147 9.876 21
0.2 -0.21 9.389 20
0.158 -0.042 9.663 20
0.028 -0.091 10.153 20
-0.095 -0.145 10.318 20
-0.07 -0.055 9.772 20
-0.057 -0.048 9.028 20
0.031 -0.041 8.988 21
0.331 -0.072 10.054 20
0.152 -0.187 10.387 20
-0.209 -0.257 10.113 20
-0.181 -0.215 9.513 20
0.176 0.039 9.333 20
0.225 0.16 9.901 20
-0.207 -0.094 10.233 21
-0.252 -0.135 10.094 20
0.089 -0.167 9.582 20
0.165 -0.091 9.252 20
0.138 -0.097 9.773 20
0.156 -0.146 10.268 20
-0.029 -0.231 10.315 20
-0.321 -0.067 9.887 20
-0.293 0.029 9.142 21
0.135 0.128 9.36 20
0.268 0.083 10.068 20
0.073 -0.086 10.261 20
-0.101 -0.118 9.911 20
-0.005 -0.114 9.218 20
0.36 0.037 9.277 20
0.398 -0.015 10.242 21
-0.125 -0.11 10.298 20
-0.344 -0.115 9.97 20
-0.126 -0.033 9.353 20
0.094 0.101 9.283 20
0.128 0.09 10.086 20
0.035 -0.197 10.403 20
0.18 -0.217 10.157 21
0.031 -0.105 9.764 20
0.014 0.017 9.346 20
0.24 0.142 9.882 20
0.18 0.021 10.283 20
-0.143 -0.133 10.184 20
-0.029 -0.211 9.648 20
0.411 -0.07 9.131 21
0.325 0.082 9.621 20
-0.04 -0.1 10.314 20
-0.206 -0.191 10.249 20
-0.1 -0.047 9.888 20
-0.039 0.092 9.343 20
0.088 0.088 9.472 20
0.242 -0.071 10.172 21
0.256 -0.173 10.415 20
-0.033 -0.245 10.074 20
-0.154 -0.204 9.462 20
0.09 -0.07 9.318 20
0.246 0.004 10.031 20
-0.234 -0.119 10.303 20
-0.326 -0.164 9.943 21
0.044 -0.121 9.403 20
0.275 -0.084 9.267 20
0.132 -0.007 9.84 20
0.028 -0.122 10.285 20
0.01 -0.105 10.272 20
-0.314 -0.098 9.737 20
-0.17 -0.064 8.786 21
0.324 0.155 9.625 20
0.332 0.087 10.315 20
-0.027 -0.221 10.324 20
-0.194 -0.214 9.881 20
0.102 -0.053 9.276 20
0.167 0.111 9.549 20
-0.034 0.119 10.112 21
-0.16 -0.112 10.124 20
0.001 -0.124 9.791 20
0.079 -0.125 9.382 20
0.096 -0.031 9.313 20
0.235 -0.018 10.078 20
0.073 -0.135 10.36 20
-0.319 -0.192 10.015 21
-0.298 0.008 9.302 20
0.155 0.044 8.957 20
0.39 0.066 9.996 20
0.068 -0.159 10.386 20
-0.122 -0.212 10.252 20
0.063 -0.154 9.695 20
0.152 0.066 9.325 21
-0.087 0.034 9.924 20
0.078 0.082 10.062 20
-0.027 -0.019 10.119 20
-0.054 0.009 9.63 20
0.062 0.038 9.229 20
0.247 0.118 9.654 20
0.242 -0.105 10.364 21
-0.376 -0.209 10.287 20
-0.246 -0.126 9.887 20
-0.038 0.022 9.299 20
0.265 0.173 9.462 20
0.151 0.01 10.164 20
0.004 -0.166 10.257 20
0.126 -0.092 10.006 21
-0.121 -0.044 9.5 20
-0.097 0.127 9.23 20
0.068 0.146 10.046 20
0.044 -0.034 10.327 20
-0.184 -0.11 10.071 20
-0.11 -0.091 9.42 20
0.246 0.039 9.406 21
0.33 0.043 10.348 20
-0.046 -0.058 10.451 20
-0.203 -0.185 10.01 20
-0.035 -0.055 9.677 20
0.007 -0.03 9.477 20
0.078 -0.031 9.865 20
0.174 -0.171 10.264 21
0.106 -0.257 10.345 20
-0.136 -0.252 9.753 20
-0.187 -0.146 9.2 20
0.11 0.166 9.672 20
0.255 0.02 10.205 20
-0.096 -0.026 10.287 20
-0.282 -0.106 9.82 21
0.124 -0.141 9.231 20
0.199 -0.044 9.488 20
0.247 -0.148 10.283 20
-0.066 -0.25 10.426 20
-0.174 -0.124 10.104 20
-0.132 0.017 9.451 20
-0.004 0.133 9.195 21
0.085 0.079 9.827 20
0.267 -0.126 10.146 20
0.029 -0.222 10.229 20
-0.147 -0.19 9.851 20
0.142 -0.077 9.473 20
0.231 0.095 9.906 20
-0.109 -0.087 10.209 20
-0.246 -0.182 10.036 21
0.052 -0.047 9.54 20
0.133 -0.082 9.294 20
0.161 0.017 9.727 20
0.047 0.06 10.157 20
0.025 -0.147 10.367 20
-0.203 -0.099 10.021 20
-0.224 -0.056 9.247 21
0.163 0.101 9.244 20
0.352 0.022 10.156 20
0.053 -0.172 10.29 20
-0.191 -0.146 10.017 20
-0.029 -0.137 9.378 20
0.32 0.0 9.474 20
0.278 0.1 10.14 21
-0.201 -0.149 10.281 20
-0.137 -0.169 9.671 20
0.073 -0.061 9.484 20
0.178 0.098 9.485 20
0.11 0.144 9.818 20
0.058 -0.098 9.936 20
0.148 -0.236 9.91 21
0.067 -0.255 9.597 20
0.109 -0.148 9.203 20
0.181 0.104 9.741 20
0.144 -0.083 10.223 20
-0.042 -0.079 10.3 20
-0.304 -0.107 9.778 20
-0.167 0.009 9.103 21
0.306 0.076 9.483 20
0.339 0.026 10.064 20
-0.065 -0.19 10.488 20
-0.061 -0.271 9.972 20
0.073 -0.097 9.398 20
0.39 0.028 9.472 20
0.158 -0.043 10.055 21
-0.248 -0.091 10.235 20
-0.179 0.009 9.9 20
0.02 0.008 9.318 20
0.229 0.117 9.09 20
0.067 0.032 9.828 20
0.061 -0.127 10.242 20
0.091 -0.193 10.302 21
-0.084 -0.165 9.786 20
0.102 -0.011 9.199 20
0.186 0.193 9.714 20
0.114 0.013 10.231 20
-0.254 -0.051 10.117 20
-0.227 -0.118 9.63 20
0.135 -0.077 9.062 21
0.431 -0.023 9.591 20
0.185 -0.153 10.227 20
-0.074 -0.206 10.258 20
-0.15 -0.206 9.978 20
0.001 -0.067 9.308 20
-0.004 0.066 9.379 20
0.152 0.001 9.942 21
0.165 -0.096 10.183 20
-0.052 -0.251 10.136 20
-0.164 -0.191 9.348 20
0.115 0.141 9.596 20
0.321 0.063 10.084 20
-0.179 0.027 10.388 20
-0.344 -0.09 9.946 21
0.047 -0.096 9.546 20
0.218 -0.076 9.372 20
0.263 -0.1 9.724 20
0.163 -0.08 10.432 20
-0.076 -0.166 10.013 20
-0.296 -0.184 9.648 20
-0.24 0.011 9.13 21
# end
#Thu Mar 19 14:40:54 PDT 2015